# messageDelay  cumulativeProbability
0.0100 0.0010
0.0100 0.0019
0.0100 0.0029
0.0100 0.0039
0.0100 0.0048
0.0100 0.0058
0.0100 0.0068
0.0100 0.0078
0.0100 0.0087
0.0100 0.0097
0.0100 0.0107
0.0100 0.0116
0.0100 0.0126
0.0100 0.0136
0.0100 0.0145
0.0100 0.0155
0.0100 0.0165
0.0100 0.0175
0.0100 0.0184
0.0100 0.0194
0.0100 0.0204
0.0100 0.0213
0.0100 0.0223
0.0100 0.0233
0.0100 0.0242
0.0100 0.0252
0.0100 0.0262
0.0100 0.0272
0.0100 0.0281
0.0100 0.0291
0.0100 0.0301
0.0100 0.0310
0.0100 0.0320
0.0100 0.0330
0.0100 0.0339
0.0100 0.0349
0.0100 0.0359
0.0100 0.0369
0.0100 0.0378
0.0100 0.0388
0.0100 0.0398
0.0100 0.0407
0.0100 0.0417
0.0100 0.0427
0.0100 0.0436
0.0100 0.0446
0.0100 0.0456
0.0100 0.0466
0.0100 0.0475
0.0100 0.0485
0.0100 0.0495
0.0100 0.0504
0.0100 0.0514
0.0100 0.0524
0.0100 0.0533
0.0100 0.0543
0.0100 0.0553
0.0100 0.0563
0.0100 0.0572
0.0100 0.0582
0.0100 0.0592
0.0100 0.0601
0.0100 0.0611
0.0100 0.0621
0.0100 0.0630
0.0100 0.0640
0.0100 0.0650
0.0100 0.0660
0.0100 0.0669
0.0100 0.0679
0.0100 0.0689
0.0100 0.0698
0.0100 0.0708
0.0100 0.0718
0.0100 0.0727
0.0100 0.0737
0.0100 0.0747
0.0100 0.0757
0.0100 0.0766
0.0100 0.0776
0.0100 0.0786
0.0100 0.0795
0.0100 0.0805
0.0100 0.0815
0.0100 0.0824
0.0100 0.0834
0.0100 0.0844
0.0100 0.0854
0.0100 0.0863
0.0100 0.0873
0.0100 0.0883
0.0100 0.0892
0.0100 0.0902
0.0100 0.0912
0.0100 0.0921
0.0100 0.0931
0.0100 0.0941
0.0100 0.0951
0.0100 0.0960
0.0100 0.0970
0.0100 0.0980
0.0100 0.0989
0.0100 0.0999
0.0100 0.1009
0.0100 0.1018
0.0100 0.1028
0.0100 0.1038
0.0100 0.1048
0.0100 0.1057
0.0100 0.1067
0.0100 0.1077
0.0100 0.1086
0.0100 0.1096
0.0100 0.1106
0.0100 0.1115
0.0100 0.1125
0.0100 0.1135
0.0100 0.1145
0.0100 0.1154
0.0100 0.1164
0.0100 0.1174
0.0100 0.1183
0.0100 0.1193
0.0100 0.1203
0.0100 0.1212
0.0100 0.1222
0.0100 0.1232
0.0100 0.1242
0.0100 0.1251
0.0100 0.1261
0.0100 0.1271
0.0100 0.1280
0.0100 0.1290
0.0100 0.1300
0.0100 0.1309
0.0100 0.1319
0.0100 0.1329
0.0100 0.1339
0.0100 0.1348
0.0100 0.1358
0.0100 0.1368
0.0100 0.1377
0.0100 0.1387
0.0100 0.1397
0.0100 0.1406
0.0100 0.1416
0.0100 0.1426
0.0100 0.1435
0.0100 0.1445
0.0100 0.1455
0.0100 0.1465
0.0100 0.1474
0.0100 0.1484
0.0100 0.1494
0.0100 0.1503
0.0100 0.1513
0.0100 0.1523
0.0100 0.1532
0.0100 0.1542
0.0100 0.1552
0.0100 0.1562
0.0100 0.1571
0.0100 0.1581
0.0100 0.1591
0.0100 0.1600
0.0100 0.1610
0.0100 0.1620
0.0100 0.1629
0.0100 0.1639
0.0100 0.1649
0.0100 0.1659
0.0100 0.1668
0.0100 0.1678
0.0100 0.1688
0.0100 0.1697
0.0100 0.1707
0.0100 0.1717
0.0100 0.1726
0.0100 0.1736
0.0100 0.1746
0.0100 0.1756
0.0100 0.1765
0.0100 0.1775
0.0100 0.1785
0.0100 0.1794
0.0100 0.1804
0.0100 0.1814
0.0100 0.1823
0.0100 0.1833
0.0100 0.1843
0.0100 0.1853
0.0100 0.1862
0.0100 0.1872
0.0100 0.1882
0.0100 0.1891
0.0100 0.1901
0.0100 0.1911
0.0100 0.1920
0.0100 0.1930
0.0100 0.1940
0.0100 0.1950
0.0100 0.1959
0.0100 0.1969
0.0100 0.1979
0.0100 0.1988
0.0100 0.1998
0.0100 0.2008
0.0100 0.2017
0.0100 0.2027
0.0100 0.2037
0.0100 0.2047
0.0100 0.2056
0.0100 0.2066
0.0100 0.2076
0.0100 0.2085
0.0100 0.2095
0.0100 0.2105
0.0100 0.2114
0.0100 0.2124
0.0100 0.2134
0.0100 0.2144
0.0100 0.2153
0.0100 0.2163
0.0100 0.2173
0.0100 0.2182
0.0100 0.2192
0.0100 0.2202
0.0100 0.2211
0.0100 0.2221
0.0100 0.2231
0.0100 0.2241
0.0100 0.2250
0.0100 0.2260
0.0100 0.2270
0.0100 0.2279
0.0100 0.2289
0.0100 0.2299
0.0100 0.2308
0.0100 0.2318
0.0100 0.2328
0.0100 0.2338
0.0100 0.2347
0.0100 0.2357
0.0100 0.2367
0.0100 0.2376
0.0100 0.2386
0.0100 0.2396
0.0100 0.2405
0.0100 0.2415
0.0100 0.2425
0.0100 0.2435
0.0100 0.2444
0.0100 0.2454
0.0100 0.2464
0.0100 0.2473
0.0100 0.2483
0.0100 0.2493
0.0100 0.2502
0.0100 0.2512
0.0100 0.2522
0.0100 0.2532
0.0100 0.2541
0.0100 0.2551
0.0100 0.2561
0.0100 0.2570
0.0100 0.2580
0.0100 0.2590
0.0100 0.2599
0.0100 0.2609
0.0100 0.2619
0.0100 0.2629
0.0100 0.2638
0.0100 0.2648
0.0100 0.2658
0.0100 0.2667
0.0100 0.2677
0.0100 0.2687
0.0100 0.2696
0.0100 0.2706
0.0100 0.2716
0.0100 0.2726
0.0100 0.2735
0.0100 0.2745
0.0100 0.2755
0.0100 0.2764
0.0100 0.2774
0.0100 0.2784
0.0100 0.2793
0.0100 0.2803
0.0100 0.2813
0.0100 0.2823
0.0100 0.2832
0.0100 0.2842
0.0100 0.2852
0.0100 0.2861
0.0100 0.2871
0.0100 0.2881
0.0100 0.2890
0.0100 0.2900
0.0100 0.2910
0.0100 0.2919
0.0100 0.2929
0.0100 0.2939
0.0100 0.2949
0.0100 0.2958
0.0100 0.2968
0.0100 0.2978
0.0100 0.2987
0.0100 0.2997
0.0100 0.3007
0.0100 0.3016
0.0100 0.3026
0.0100 0.3036
0.0100 0.3046
0.0100 0.3055
0.0100 0.3065
0.0100 0.3075
0.0100 0.3084
0.0100 0.3094
0.0100 0.3104
0.0100 0.3113
0.0100 0.3123
0.0100 0.3133
0.0100 0.3143
0.0100 0.3152
0.0100 0.3162
0.0100 0.3172
0.0100 0.3181
0.0100 0.3191
0.0100 0.3201
0.0100 0.3210
0.0100 0.3220
0.0100 0.3230
0.0100 0.3240
0.0100 0.3249
0.0100 0.3259
0.0100 0.3269
0.0100 0.3278
0.0100 0.3288
0.0100 0.3298
0.0100 0.3307
0.0100 0.3317
0.0100 0.3327
0.0100 0.3337
0.0100 0.3346
0.0100 0.3356
0.0100 0.3366
0.0100 0.3375
0.0100 0.3385
0.0100 0.3395
0.0100 0.3404
0.0100 0.3414
0.0100 0.3424
0.0100 0.3434
0.0100 0.3443
0.0100 0.3453
0.0100 0.3463
0.0100 0.3472
0.0100 0.3482
0.0100 0.3492
0.0100 0.3501
0.0100 0.3511
0.0100 0.3521
0.0100 0.3531
0.0100 0.3540
0.0100 0.3550
0.0100 0.3560
0.0100 0.3569
0.0100 0.3579
0.0100 0.3589
0.0100 0.3598
0.0100 0.3608
0.0100 0.3618
0.0100 0.3628
0.0100 0.3637
0.0100 0.3647
0.0100 0.3657
0.0100 0.3666
0.0100 0.3676
0.0100 0.3686
0.0100 0.3695
0.0100 0.3705
0.0100 0.3715
0.0100 0.3725
0.0100 0.3734
0.0100 0.3744
0.0100 0.3754
0.0100 0.3763
0.0100 0.3773
0.0100 0.3783
0.0100 0.3792
0.0100 0.3802
0.0100 0.3812
0.0100 0.3822
0.0100 0.3831
0.0100 0.3841
0.0100 0.3851
0.0100 0.3860
0.0100 0.3870
0.0100 0.3880
0.0100 0.3889
0.0100 0.3899
0.0100 0.3909
0.0100 0.3919
0.0100 0.3928
0.0100 0.3938
0.0100 0.3948
0.0100 0.3957
0.0100 0.3967
0.0100 0.3977
0.0100 0.3986
0.0100 0.3996
0.0100 0.4006
0.0100 0.4016
0.0100 0.4025
0.0100 0.4035
0.0100 0.4045
0.0100 0.4054
0.0100 0.4064
0.0100 0.4074
0.0100 0.4083
0.0100 0.4093
0.0100 0.4103
0.0100 0.4113
0.0100 0.4122
0.0100 0.4132
0.0100 0.4142
0.0100 0.4151
0.0100 0.4161
0.0100 0.4171
0.0100 0.4180
0.0100 0.4190
0.0100 0.4200
0.0100 0.4210
0.0100 0.4219
0.0100 0.4229
0.0100 0.4239
0.0100 0.4248
0.0100 0.4258
0.0100 0.4268
0.0100 0.4277
0.0100 0.4287
0.0100 0.4297
0.0100 0.4306
0.0100 0.4316
0.0100 0.4326
0.0100 0.4336
0.0100 0.4345
0.0100 0.4355
0.0100 0.4365
0.0100 0.4374
0.0100 0.4384
0.0100 0.4394
0.0100 0.4403
0.0100 0.4413
0.0100 0.4423
0.0100 0.4433
0.0100 0.4442
0.0100 0.4452
0.0100 0.4462
0.0100 0.4471
0.0100 0.4481
0.0100 0.4491
0.0100 0.4500
0.0100 0.4510
0.0100 0.4520
0.0100 0.4530
0.0100 0.4539
0.0100 0.4549
0.0100 0.4559
0.0100 0.4568
0.0100 0.4578
0.0100 0.4588
0.0100 0.4597
0.0100 0.4607
0.0100 0.4617
0.0100 0.4627
0.0100 0.4636
0.0100 0.4646
0.0100 0.4656
0.0100 0.4665
0.0100 0.4675
0.0100 0.4685
0.0100 0.4694
0.0100 0.4704
0.0100 0.4714
0.0100 0.4724
0.0100 0.4733
0.0100 0.4743
0.0100 0.4753
0.0100 0.4762
0.0100 0.4772
0.0100 0.4782
0.0100 0.4791
0.0100 0.4801
0.0100 0.4811
0.0100 0.4821
0.0100 0.4830
0.0100 0.4840
0.0100 0.4850
0.0100 0.4859
0.0100 0.4869
0.0100 0.4879
0.0100 0.4888
0.0100 0.4898
0.0100 0.4908
0.0100 0.4918
0.0100 0.4927
0.0100 0.4937
0.0100 0.4947
0.0100 0.4956
0.0100 0.4966
0.0100 0.4976
0.0100 0.4985
0.0100 0.4995
0.0100 0.5005
0.0100 0.5015
0.0100 0.5024
0.0100 0.5034
0.0100 0.5044
0.0100 0.5053
0.0100 0.5063
0.0100 0.5073
0.0100 0.5082
0.0100 0.5092
0.0100 0.5102
0.0100 0.5112
0.0100 0.5121
0.0100 0.5131
0.0100 0.5141
0.0100 0.5150
0.0100 0.5160
0.0100 0.5170
0.0100 0.5179
0.0100 0.5189
0.0100 0.5199
0.0100 0.5209
0.0100 0.5218
0.0100 0.5228
0.0100 0.5238
0.0100 0.5247
0.0100 0.5257
0.0100 0.5267
0.0100 0.5276
0.0100 0.5286
0.0100 0.5296
0.0100 0.5306
0.0100 0.5315
0.0100 0.5325
0.0100 0.5335
0.0100 0.5344
0.0100 0.5354
0.0100 0.5364
0.0100 0.5373
0.0100 0.5383
0.0100 0.5393
0.0100 0.5403
0.0100 0.5412
0.0100 0.5422
0.0100 0.5432
0.0100 0.5441
0.0100 0.5451
0.0100 0.5461
0.0100 0.5470
0.0100 0.5480
0.0100 0.5490
0.0100 0.5500
0.0100 0.5509
0.0100 0.5519
0.0100 0.5529
0.0100 0.5538
0.0100 0.5548
0.0100 0.5558
0.0100 0.5567
0.0100 0.5577
0.0100 0.5587
0.0100 0.5597
0.0100 0.5606
0.0100 0.5616
0.0100 0.5626
0.0100 0.5635
0.0100 0.5645
0.0100 0.5655
0.0100 0.5664
0.0100 0.5674
0.0100 0.5684
0.0100 0.5694
0.0100 0.5703
0.0100 0.5713
0.0100 0.5723
0.0100 0.5732
0.0100 0.5742
0.0100 0.5752
0.0100 0.5761
0.0100 0.5771
0.0100 0.5781
0.0100 0.5790
0.0100 0.5800
0.0100 0.5810
0.0100 0.5820
0.0100 0.5829
0.0100 0.5839
0.0100 0.5849
0.0100 0.5858
0.0100 0.5868
0.0100 0.5878
0.0100 0.5887
0.0100 0.5897
0.0100 0.5907
0.0100 0.5917
0.0100 0.5926
0.0100 0.5936
0.0100 0.5946
0.0100 0.5955
0.0100 0.5965
0.0100 0.5975
0.0100 0.5984
0.0100 0.5994
0.0100 0.6004
0.0100 0.6014
0.0100 0.6023
0.0100 0.6033
0.0100 0.6043
0.0100 0.6052
0.0100 0.6062
0.0100 0.6072
0.0100 0.6081
0.0100 0.6091
0.0100 0.6101
0.0100 0.6111
0.0100 0.6120
0.0100 0.6130
0.0100 0.6140
0.0100 0.6149
0.0100 0.6159
0.0100 0.6169
0.0100 0.6178
0.0100 0.6188
0.0100 0.6198
0.0100 0.6208
0.0100 0.6217
0.0100 0.6227
0.0100 0.6237
0.0100 0.6246
0.0100 0.6256
0.0100 0.6266
0.0100 0.6275
0.0100 0.6285
0.0100 0.6295
0.0100 0.6305
0.0100 0.6314
0.0100 0.6324
0.0100 0.6334
0.0100 0.6343
0.0100 0.6353
0.0100 0.6363
0.0100 0.6372
0.0100 0.6382
0.0100 0.6392
0.0100 0.6402
0.0100 0.6411
0.0100 0.6421
0.0100 0.6431
0.0100 0.6440
0.0100 0.6450
0.0100 0.6460
0.0100 0.6469
0.0100 0.6479
0.0100 0.6489
0.0100 0.6499
0.0100 0.6508
0.0100 0.6518
0.0100 0.6528
0.0100 0.6537
0.0100 0.6547
0.0100 0.6557
0.0100 0.6566
0.0100 0.6576
0.0100 0.6586
0.0100 0.6596
0.0100 0.6605
0.0100 0.6615
0.0100 0.6625
0.0100 0.6634
0.0100 0.6644
0.0100 0.6654
0.0100 0.6663
0.0100 0.6673
0.0100 0.6683
0.0100 0.6693
0.0100 0.6702
0.0100 0.6712
0.0100 0.6722
0.0100 0.6731
0.0100 0.6741
0.0100 0.6751
0.0100 0.6760
0.0100 0.6770
0.0100 0.6780
0.0100 0.6790
0.0100 0.6799
0.0100 0.6809
0.0100 0.6819
0.0100 0.6828
0.0100 0.6838
0.0100 0.6848
0.0100 0.6857
0.0100 0.6867
0.0100 0.6877
0.0100 0.6887
0.0100 0.6896
0.0100 0.6906
0.0100 0.6916
0.0100 0.6925
0.0100 0.6935
0.0100 0.6945
0.0100 0.6954
0.0100 0.6964
0.0100 0.6974
0.0100 0.6984
0.0100 0.6993
0.0100 0.7003
0.0100 0.7013
0.0100 0.7022
0.0100 0.7032
0.0100 0.7042
0.0100 0.7051
0.0100 0.7061
0.0100 0.7071
0.0100 0.7081
0.0100 0.7090
0.0100 0.7100
0.0100 0.7110
0.0100 0.7119
0.0100 0.7129
0.0100 0.7139
0.0100 0.7148
0.0100 0.7158
0.0100 0.7168
0.0100 0.7177
0.0100 0.7187
0.0100 0.7197
0.0100 0.7207
0.0100 0.7216
0.0100 0.7226
0.0100 0.7236
0.0100 0.7245
0.0100 0.7255
0.0100 0.7265
0.0100 0.7274
0.0100 0.7284
0.0100 0.7294
0.0100 0.7304
0.0100 0.7313
0.0100 0.7323
0.0100 0.7333
0.0100 0.7342
0.0100 0.7352
0.0100 0.7362
0.0100 0.7371
0.0100 0.7381
0.0100 0.7391
0.0100 0.7401
0.0100 0.7410
0.0100 0.7420
0.0100 0.7430
0.0100 0.7439
0.0100 0.7449
0.0100 0.7459
0.0100 0.7468
0.0100 0.7478
0.0100 0.7488
0.0100 0.7498
0.0100 0.7507
0.0100 0.7517
0.0100 0.7527
0.0100 0.7536
0.0100 0.7546
0.0100 0.7556
0.0100 0.7565
0.0100 0.7575
0.0100 0.7585
0.0100 0.7595
0.0100 0.7604
0.0100 0.7614
0.0100 0.7624
0.0100 0.7633
0.0100 0.7643
0.0100 0.7653
0.0100 0.7662
0.0100 0.7672
0.0100 0.7682
0.0100 0.7692
0.0100 0.7701
0.0100 0.7711
0.0100 0.7721
0.0100 0.7730
0.0100 0.7740
0.0100 0.7750
0.0100 0.7759
0.0100 0.7769
0.0100 0.7779
0.0100 0.7789
0.0100 0.7798
0.0100 0.7808
0.0100 0.7818
0.0100 0.7827
0.0100 0.7837
0.0100 0.7847
0.0100 0.7856
0.0100 0.7866
0.0100 0.7876
0.0100 0.7886
0.0100 0.7895
0.0100 0.7905
0.0100 0.7915
0.0100 0.7924
0.0100 0.7934
0.0100 0.7944
0.0100 0.7953
0.0100 0.7963
0.0100 0.7973
0.0100 0.7983
0.0100 0.7992
0.0100 0.8002
0.0100 0.8012
0.0100 0.8021
0.0100 0.8031
0.0100 0.8041
0.0100 0.8050
0.0100 0.8060
0.0100 0.8070
0.0100 0.8080
0.0100 0.8089
0.0100 0.8099
0.0100 0.8109
0.0100 0.8118
0.0100 0.8128
0.0100 0.8138
0.0100 0.8147
0.0100 0.8157
0.0100 0.8167
0.0100 0.8177
0.0100 0.8186
0.0100 0.8196
0.0100 0.8206
0.0100 0.8215
0.0100 0.8225
0.0100 0.8235
0.0100 0.8244
0.0100 0.8254
0.0100 0.8264
0.0100 0.8274
0.0100 0.8283
0.0100 0.8293
0.0100 0.8303
0.0100 0.8312
0.0100 0.8322
0.0100 0.8332
0.0100 0.8341
0.0100 0.8351
0.0100 0.8361
0.0100 0.8371
0.0100 0.8380
0.0100 0.8390
0.0100 0.8400
0.0100 0.8409
0.0100 0.8419
0.0100 0.8429
0.0100 0.8438
0.0100 0.8448
0.0100 0.8458
0.0100 0.8468
0.0100 0.8477
0.0100 0.8487
0.0100 0.8497
0.0100 0.8506
0.0100 0.8516
0.0100 0.8526
0.0100 0.8535
0.0100 0.8545
0.0100 0.8555
0.0100 0.8565
0.0100 0.8574
0.0100 0.8584
0.0100 0.8594
0.0100 0.8603
0.0100 0.8613
0.0100 0.8623
0.0100 0.8632
0.0100 0.8642
0.0100 0.8652
0.0100 0.8661
0.0100 0.8671
0.0100 0.8681
0.0100 0.8691
0.0100 0.8700
0.0100 0.8710
0.0100 0.8720
0.0100 0.8729
0.0100 0.8739
0.0100 0.8749
0.0100 0.8758
0.0100 0.8768
0.0100 0.8778
0.0100 0.8788
0.0100 0.8797
0.0100 0.8807
0.0100 0.8817
0.0100 0.8826
0.0100 0.8836
0.0100 0.8846
0.0100 0.8855
0.0100 0.8865
0.0100 0.8875
0.0100 0.8885
0.0100 0.8894
0.0100 0.8904
0.0100 0.8914
0.0100 0.8923
0.0100 0.8933
0.0100 0.8943
0.0100 0.8952
0.0100 0.8962
0.0100 0.8972
0.0100 0.8982
0.0100 0.8991
0.0100 0.9001
0.0100 0.9011
0.0100 0.9020
0.0100 0.9030
0.0100 0.9040
0.0100 0.9049
0.0100 0.9059
0.0100 0.9069
0.0100 0.9079
0.0100 0.9088
0.0100 0.9098
0.0100 0.9108
0.0100 0.9117
0.0100 0.9127
0.0100 0.9137
0.0100 0.9146
0.0100 0.9156
0.0100 0.9166
0.0100 0.9176
0.0100 0.9185
0.0100 0.9195
0.0100 0.9205
0.0100 0.9214
0.0100 0.9224
0.0100 0.9234
0.0100 0.9243
0.0100 0.9253
0.0100 0.9263
0.0100 0.9273
0.0100 0.9282
0.0100 0.9292
0.0100 0.9302
0.0100 0.9311
0.0100 0.9321
0.0100 0.9331
0.0100 0.9340
0.0100 0.9350
0.0100 0.9360
0.0100 0.9370
0.0100 0.9379
0.0100 0.9389
0.0100 0.9399
0.0100 0.9408
0.0100 0.9418
0.0100 0.9428
0.0100 0.9437
0.0100 0.9447
0.0100 0.9457
0.0100 0.9467
0.0100 0.9476
0.0100 0.9486
0.0100 0.9496
0.0100 0.9505
0.0100 0.9515
0.0100 0.9525
0.0100 0.9534
0.0100 0.9544
0.0100 0.9554
0.0100 0.9564
0.0100 0.9573
0.0100 0.9583
0.0100 0.9593
0.0100 0.9602
0.0100 0.9612
0.0100 0.9622
0.0100 0.9631
0.0100 0.9641
0.0100 0.9651
0.0100 0.9661
0.0100 0.9670
0.0100 0.9680
0.0100 0.9690
0.0100 0.9699
0.0100 0.9709
0.0100 0.9719
0.0100 0.9728
0.0100 0.9738
0.0100 0.9748
0.0100 0.9758
0.0100 0.9767
0.0100 0.9777
0.0100 0.9787
0.0100 0.9796
0.0100 0.9806
0.0100 0.9816
0.0100 0.9825
0.0100 0.9835
0.0100 0.9845
0.0100 0.9855
0.0100 0.9864
0.0200 0.9874
0.0200 0.9884
