Total Chunks Created: 1981
 w8:      0.0      0.0  1979   20 1980    0     0.03      0.0     1.19 1981    0    0    0    0 1599
 b0:      0.0      0.0     0    0    0    0      0.0      0.0      0.0    0    0    0    0    0 7887
 w3:      0.0      0.0  1980   16 1981    0     0.03      0.0     1.13 1981    0    0    0    0 1476
 w9:      0.0      0.0  1979   18 1980    0     0.03      0.0     1.13 1981    0    0    0    0 1571
 w7:      0.0      0.0  1979   17 1980    0     0.03      0.0     1.13 1980    0    0    0    0 1559
 w6:      0.0      0.0  1979   16 1980    0     0.03      0.0     1.12 1980    0    0    0    0 1456
 w4:      0.0      0.0  1979   13 1980    0     0.03      0.0     1.06 1981    0    0    0    0 1350
 w1:      0.0      0.0  1979   17 1980    0     0.03      0.0     1.07 1980    0    0    0    0 1125
 w5:      0.0      0.0  1979   17 1980    0     0.03      0.0     1.14 1980    0    0    0    0  544
 w2:      0.0      0.0  1979   16 1980    0     0.03      0.0     1.05 1980    0    0    0    0  770
w10:      0.0      0.0  1979   14 1980    0     0.03      0.0     1.06 1980    0    0    0    0  467
